


 E0 =     [4351, 2384, 798, 496];
 I0 = 2*[10076, 6881, 1856, 1155];
 H0 = 0*ones(1,4);
 A0 =[4534, 2526, 831, 516];




 R0 = [1079096, 901842, 87651, 43329];
S0 = 517175*[10.7, 45.3, 24.8, 19.2] - E0 - R0 - I0 - A0;
U0 = 0*ones(1,4);
V0 = zeros(1,4);
P0 = zeros(1,4);
C0 = [10741, 8354, 1968, 1225];




int = [S0,E0,I0,H0, A0,R0,U0,V0,P0]